-52 0.000000003459198134286063
-50 0.0000000260770320892334
-48 0.00000023575765745980399
-46 0.0000013831470693860735
-44 0.000005839924727167402
-42 0.00001928582787513733
-40 0.00005484638469559806
-38 0.00014153734913894108
-36 0.0003373234399727413
-34 0.0007440852267401559
-32 0.0015211520450455801
-30 0.002882459600056921
-28 0.005066162773541042
-26 0.008276719866054398
-24 0.012638987973332405
-22 0.018079336200441633
-20 0.02435623375432832
-18 0.0311954492436988
-16 0.038473423570394516
-14 0.0459927363055093
-12 0.053234215559703965
-10 0.05891597084701061
-8 0.06253521995885032
-6 0.06503705547324248
-4 0.06664713126208101
-2 0.06565994529851846
0 0.06534541770815849
2 0.06028751656413078
4 0.0569859618054969
6 0.05272561790687697
8 0.04692083038389683
10 0.04028755958591189
12 0.033636340339268954
14 0.026764925569295883
16 0.019995235704949925
18 0.01397869469864028
20 0.009315808170608111
22 0.005846123078039714
24 0.003313837306840079
26 0.001654231920838356
28 0.0007302556186914444
30 0.00027817594153540473
32 0.00008850864001682826
34 0.00002289962555680956
36 0.000004600467426436288
38 0.0000006391533783503942
40 0.0000000516218798501151
42 0.000000001862645149230957
44 0
46 0
48 0
50 0
52 0
