-52 0
-50 0
-48 0
-46 0
-44 0
-42 0
-40 0
-38 0
-36 0.0000005236693790980748
-34 0.000004910996982029506
-32 0.000026958595429147992
-30 0.00010889901646545955
-28 0.00035252182611397335
-26 0.0009522648262126106
-24 0.0028350369206496646
-22 0.005699776645217623
-20 0.010533322181020464
-18 0.017084065292562758
-16 0.02582776573087488
-14 0.03651702031493187
-12 0.05508876485483987
-10 0.058999561571649144
-8 0.06415426305362157
-6 0.06730812362262181
-4 0.06737114675343037
-2 0.06596008501946926
0 0.08345495643360275
2 0.06270221966717925
4 0.0627038332500628
6 0.0619651193597487
8 0.05875909248633044
10 0.05456403110708509
12 0.04696389181273324
14 0.033152500433581214
16 0.02333199605345726
18 0.015347574172275407
20 0.009439906371491296
22 0.0050113411354167125
24 0.002438208354370935
26 0.000884796359709331
28 0.0003252915505852018
30 0.00010037023041929518
32 0.000024895848972456796
34 0.0000044738075562885826
36 0.0000004906739507402693
38 0
40 0
42 0
44 0
46 0
48 0
50 0
52 0
