-10.03125 0.003848716717892681
-9.96875 0.00011160328496845051
-9.90625 0.0001142643074998871
-9.84375 0.00011519566538588991
-9.78125 0.00011926702985898789
-9.71875 0.00012139584788413717
-9.65625 0.0001276758610583275
-9.59375 0.00013241248116428465
-9.53125 0.00013305112657182943
-9.46875 0.0001403157180826513
-9.40625 0.00014436047233043492
-9.34375 0.0001479794629731887
-9.28125 0.00015644151462315702
-9.21875 0.0001639455981618082
-9.15625 0.0001610716938278567
-9.09375 0.00016889510007028026
-9.03125 0.00017714426991773368
-8.96875 0.00018459513300575614
-8.90625 0.00018808107252193807
-8.84375 0.0001925782006000659
-8.78125 0.00020077414999689059
-8.71875 0.00020654856889010798
-8.65625 0.00021586214775013606
-8.59375 0.00021950774861820418
-8.53125 0.0002287681070276035
-8.46875 0.00023166862158686938
-8.40625 0.00024353678207707658
-8.34375 0.000253967990400308
-8.28125 0.0002613656330377017
-8.21875 0.00027267497879630723
-8.15625 0.00027709227619849197
-8.09375 0.00028675178798760677
-8.03125 0.00029002484570127377
-7.96875 0.000303276737907828
-7.90625 0.0003174333777750706
-7.84375 0.00033190934034608565
-7.78125 0.0003398391874897667
-7.71875 0.0003502703958129981
-7.65625 0.0003617127926981755
-7.59375 0.0003746187519756429
-7.53125 0.0003909042098680348
-7.46875 0.00040112253638875135
-7.40625 0.0004170620613520565
-7.34375 0.00043385311352542137
-7.28125 0.00044039922895275536
-7.21875 0.00045399705408839634
-7.15625 0.0004783454102510411
-7.09375 0.0004889362799261588
-7.03125 0.0005107832749092531
-6.96875 0.0005241149977917505
-6.90625 0.0005466804688583327
-6.84375 0.0005699644160084029
-6.78125 0.0005834824104681008
-6.71875 0.0005984373570947744
-6.65625 0.0006273892822368045
-6.59375 0.0006483049193338961
-6.53125 0.0006624083387505099
-6.46875 0.0006912538229912826
-6.40625 0.0007160279427589572
-6.34375 0.0007463635996173343
-6.28125 0.0007604137985833195
-6.21875 0.0007925057303124447
-6.15625 0.0008250766460972286
-6.09375 0.0008538689098873725
-6.03125 0.0008729750516630872
-5.96875 0.0009058652901516434
-5.90625 0.0009396602763008881
-5.84375 0.0009764089974600273
-5.78125 0.0010130512777179093
-5.71875 0.0010453827014748637
-5.65625 0.001082557186239033
-5.59375 0.0011394764581864616
-5.53125 0.0011619620985771008
-5.46875 0.0012130005107300545
-5.40625 0.0012489509251297627
-5.34375 0.0012929110173490951
-5.28125 0.0013439228192767346
-5.21875 0.0013770791600184345
-5.15625 0.0014326945309254592
-5.09375 0.0014796881888306294
-5.03125 0.0015266818467357995
-4.96875 0.0015816053517846507
-4.90625 0.0016461617583973024
-4.84375 0.0016975993239299715
-4.78125 0.0017520172346978497
-4.71875 0.0018072866726757876
-4.65625 0.0018782295333638873
-4.59375 0.001949039342925415
-4.53125 0.002019024235502197
-4.46875 0.0020724309577081295
-4.40625 0.0021551089277598644
-4.34375 0.0022321189198196392
-4.28125 0.0023104860333704466
-4.21875 0.00238188126788889
-4.15625 0.002462164317662332
-4.09375 0.0025528519655336913
-4.03125 0.0026123790395619277
-3.96875 0.0027086016142986746
-3.90625 0.002802535709658386
-3.84375 0.0028845750343025763
-3.78125 0.002985161685990879
-3.71875 0.0030771266246773276
-3.65625 0.0031870800756762874
-3.59375 0.0032677888890547593
-3.53125 0.0033950922069586856
-3.46875 0.003496556996082363
-3.40625 0.0035990861942186148
-3.34375 0.00371845966497886
-3.28125 0.0038192325882443635
-3.21875 0.003932698588984819
-3.15625 0.004051326973436263
-3.09375 0.004173946891684861
-3.03125 0.004288663573015092
-2.96875 0.0044360310008060505
-2.90625 0.0045476342857745005
-2.84375 0.004714134465566488
-2.78125 0.004817674852264686
-2.71875 0.004954611071732413
-2.65625 0.0051090568194569926
-2.59375 0.0052220438361417895
-2.53125 0.005385058076417595
-2.46875 0.005509593930888828
-2.40625 0.005655364745160924
-2.34375 0.0058009226776305056
-2.28125 0.005935197874566795
-2.21875 0.006100101440839921
-2.15625 0.006230731036908143
-2.09375 0.006393958158986464
-2.03125 0.0065340876054919145
-1.96875 0.006703275418040652
-1.90625 0.006841888081703184
-1.84375 0.006992422126306552
-1.78125 0.0071599601048858
-1.71875 0.007286970710311268
-1.65625 0.007441789001190249
-1.59375 0.007611242915992131
-1.53125 0.007758583733557775
-1.46875 0.007893790288380068
-1.40625 0.008051855026747401
-1.34375 0.008192862610688226
-1.28125 0.008304492505881991
-1.21875 0.00844699026244042
-1.15625 0.008589062255393819
-1.09375 0.008753965821666945
-1.03125 0.008843668891201672
-0.96875 0.008953356239947488
-0.90625 0.009108467243304927
-0.84375 0.009206286431560537
-0.78125 0.00931858158238716
-0.71875 0.009451127114678017
-0.65625 0.00951246368402763
-0.59375 0.009614487287882908
-0.53125 0.00968221031130797
-0.46875 0.009750678421041834
-0.40625 0.009837587416918552
-0.34375 0.009884660905499665
-0.28125 0.009926705061496365
-0.21875 0.00999940419705521
-0.15625 0.01001103286551759
-0.09375 0.01004035733381402
-0.03125 0.010011086085968218
0.03125 0.010034157151315773
0.09375 0.010059596526716306
0.15625 0.010028968157379472
0.21875 0.009991101806757129
0.28125 0.00997971263032258
0.34375 0.009902170433756519
0.40625 0.009857252373425869
0.46875 0.009833223339966996
0.53125 0.009726729218258904
0.59375 0.009667175534005354
0.65625 0.009542586459083492
0.71875 0.009480424972749134
0.78125 0.009377044247402821
0.84375 0.009284094730379742
0.90625 0.009152320894623003
0.96875 0.009029647755923775
1.03125 0.008902450878921107
1.09375 0.008757638032760327
1.15625 0.008676796168255283
1.21875 0.008495553923639139
1.28125 0.008377218251666152
1.34375 0.008198477368229557
1.40625 0.008105181918277391
1.46875 0.007920107801215976
1.53125 0.007797780595445836
1.59375 0.00760203577803336
1.65625 0.007495195723396181
1.71875 0.007323666211019778
1.78125 0.007187102534706453
1.84375 0.006999101292860458
1.90625 0.006882468675307592
1.96875 0.006704579319081056
2.03125 0.0065421238935368525
2.09375 0.006391217305779084
2.15625 0.006255318885098617
2.21875 0.006110692310515038
2.28125 0.005960184876136985
2.34375 0.0058120457518119105
2.40625 0.005658531361973334
2.46875 0.005515847333837704
2.53125 0.005359911413495519
2.59375 0.005210787710833813
2.65625 0.005079892012512448
2.71875 0.004928719322501535
2.78125 0.004803225499918985
2.84375 0.004659157740067008
2.90625 0.004549097848166791
2.96875 0.004401464318122689
3.03125 0.004271712859489841
3.09375 0.004143824116628999
3.15625 0.004027856754708992
3.21875 0.003923331789674163
3.28125 0.003773755713182112
3.34375 0.003694483851970616
3.40625 0.003571544611018246
3.46875 0.003464145741649465
3.53125 0.0033648363807762516
3.59375 0.0032512905493598523
3.65625 0.003160203748108778
3.71875 0.0030570359045649816
3.78125 0.002947109063791336
3.84375 0.002859880745210845
3.90625 0.0027698849631976595
3.96875 0.002676775784822693
4.03125 0.0025981957894693707
4.09375 0.002502957793069255
4.15625 0.002419694398060604
4.21875 0.002333636929393945
4.28125 0.0022548706624634218
4.34375 0.0021828367825374334
4.40625 0.0021083015414318945
4.46875 0.002036347492181849
4.53125 0.0019841648403403776
4.59375 0.0019042809439466515
4.65625 0.0018507411706141473
4.71875 0.0017684357437168135
4.78125 0.0017117027433465855
4.84375 0.001659812803983572
4.90625 0.0015863685821159222
4.96875 0.0015407852661524135
5.03125 0.0014797147990559436
5.09375 0.0014414759052792
5.15625 0.0013893198636630427
5.21875 0.0013300855021132643
5.28125 0.0012797123455931697
5.34375 0.001243362777813746
5.40625 0.001201691164971449
5.46875 0.0011636917632225346
5.53125 0.0011098060569609436
5.59375 0.0010764102241914144
5.65625 0.0010488686409910457
5.71875 0.0009982559924431218
5.78125 0.0009724706841135012
5.84375 0.0009304265281168031
5.90625 0.0008914957684818858
5.96875 0.0008709526745391954
6.03125 0.0008389139632606989
6.09375 0.0008109466164553003
6.15625 0.0007764331542225678
6.21875 0.000753761242254728
6.28125 0.0007257938954493295
6.34375 0.0007051975810560103
6.40625 0.0006693003871069307
6.46875 0.0006488903442908121
6.53125 0.0006290657264316095
6.59375 0.0006055955077043388
6.65625 0.000586702247731139
6.71875 0.0005638440641860987
6.78125 0.0005455096189445006
6.84375 0.0005269622919003876
6.90625 0.0005077763194487298
6.96875 0.0004944179863409182
7.03125 0.00046416216015848414
7.09375 0.0004553807858047434
7.15625 0.0004445238138764821
7.21875 0.0004295954774751228
7.28125 0.0004111279811069529
7.34375 0.0004048745781580769
7.40625 0.00038060605267137526
7.46875 0.0003693233171380841
7.53125 0.00035796075092884986
7.59375 0.0003494454788282528
7.65625 0.0003355017207635251
7.71875 0.0003257357680731528
7.78125 0.00030915759770230286
7.84375 0.0003055918275101778
7.90625 0.00029159484899482133
7.96875 0.0002836916120764547
8.03125 0.0002737926082595106
8.09375 0.00026913581882949655
8.15625 0.0002583586775771784
8.21875 0.0002468098397907436
8.28125 0.00023880016197111944
8.34375 0.00023065743302492348
8.40625 0.0002230735188103292
8.46875 0.00021602180910202225
8.53125 0.00020628246663696433
8.59375 0.00019989601256151652
8.65625 0.0001949199004277301
8.71875 0.00018933175311171326
8.78125 0.0001860320851727319
8.84375 0.00017709104946710496
8.90625 0.00017054493403977094
8.96875 0.00016253525622014683
9.03125 0.0001595815212102522
9.09375 0.00015612219191938465
9.15625 0.00015013489122365231
9.21875 0.00014835200612758981
9.28125 0.00014353555534568957
9.34375 0.0001358718104551522
9.40625 0.00013180044598205422
9.46875 0.0001248817874003191
9.53125 0.00012317873298019967
9.59375 0.00012062415135002056
9.65625 0.00011711160160852425
9.71875 0.00011383854389485726
9.78125 0.00010833022725478351
9.84375 0.00010391292985259877
9.90625 0.00010332750489568273
9.96875 0.00009904325862006982
10.03125 0.00331496881853713
