-20.03125 0.00019332771341593727
-19.96875 0.0000017033278715060554
-19.90625 0.000006387479518147708
-19.84375 0.000004258319678765138
-19.78125 0.000004258319678765138
-19.71875 0.00000553581558239468
-19.65625 0.000006813311486024222
-19.59375 0.000009368303293283304
-19.53125 0.000006813311486024222
-19.46875 0.0000072391434539007355
-19.40625 0.0000072391434539007355
-19.34375 0.000005961647550271193
-19.28125 0.000006813311486024222
-19.21875 0.000004684151646641652
-19.15625 0.000003406655743012111
-19.09375 0.00000553581558239468
-19.03125 0.000009794135261159818
-18.96875 0.00000553581558239468
-18.90625 0.000006387479518147708
-18.84375 0.0000072391434539007355
-18.78125 0.000004258319678765138
-18.71875 0.000006813311486024222
-18.65625 0.0000072391434539007355
-18.59375 0.00000766497542177725
-18.53125 0.000009368303293283304
-18.46875 0.000005109983614518166
-18.40625 0.000008516639357530277
-18.34375 0.000005109983614518166
-18.28125 0.000006387479518147708
-18.21875 0.000010219967229036332
-18.15625 0.00000894247132540679
-18.09375 0.000009368303293283304
-18.03125 0.000008090807389653763
-17.96875 0.000009368303293283304
-17.90625 0.000011497463132665873
-17.84375 0.000009794135261159818
-17.78125 0.000014478286907801471
-17.71875 0.000010219967229036332
-17.65625 0.000009794135261159818
-17.59375 0.000014478286907801471
-17.53125 0.000017033278715060554
-17.46875 0.000009794135261159818
-17.40625 0.000009368303293283304
-17.34375 0.00001107163116478936
-17.28125 0.000019162438554443124
-17.21875 0.000014478286907801471
-17.15625 0.000014904118875677985
-17.09375 0.000014478286907801471
-17.03125 0.000014478286907801471
-16.96875 0.00001873660658656661
-16.90625 0.000018310774618690097
-16.84375 0.000014904118875677985
-16.78125 0.00001320079100417193
-16.71875 0.000010219967229036332
-16.65625 0.000017033278715060554
-16.59375 0.000013626622972048444
-16.53125 0.000019162438554443124
-16.46875 0.000017033278715060554
-16.40625 0.000019588270522319636
-16.34375 0.000025124086104714317
-16.28125 0.00001575578281143101
-16.21875 0.000016607446747184038
-16.15625 0.000020439934458072664
-16.09375 0.000018310774618690097
-16.03125 0.000019588270522319636
-15.96875 0.000020439934458072664
-15.90625 0.000025124086104714317
-15.84375 0.000027253245944096887
-15.78125 0.000028104909879849915
-15.71875 0.00001873660658656661
-15.65625 0.000023846590201084774
-15.59375 0.000022569094297455234
-15.53125 0.000023846590201084774
-15.46875 0.00003449238939799762
-15.40625 0.00002980823775135597
-15.34375 0.000033640725462244595
-15.28125 0.00003023406971923248
-15.21875 0.00003193739759073854
-15.15625 0.000029382405783479454
-15.09375 0.000030659901687109
-15.03125 0.000029382405783479454
-14.96875 0.00002980823775135597
-14.90625 0.00003151156562286202
-14.84375 0.00003236322955861505
-14.78125 0.00003747321317313322
-14.71875 0.000028530741847726427
-14.65625 0.00003576988530162716
-14.59375 0.00003406655743012111
-14.53125 0.00003491822136587414
-14.46875 0.000036195717269503674
-14.40625 0.000036195717269503674
-14.34375 0.00004982234024155212
-14.28125 0.00004684151646641652
-14.21875 0.000044712356627033956
-14.15625 0.00004598985253066349
-14.09375 0.000043860692691280925
-14.03125 0.000047267348434293035
-13.96875 0.000050674004177305145
-13.90625 0.00005365482795244074
-13.84375 0.00005322899598456423
-13.78125 0.00005195150008093469
-13.71875 0.00005322899598456423
-13.65625 0.000057487315663329365
-13.59375 0.0000647264591172301
-13.53125 0.00005280316401668772
-13.46875 0.000061319803374218
-13.40625 0.00006728145092448919
-13.34375 0.0000677072828923657
-13.28125 0.0000647264591172301
-13.21875 0.00006898477879599524
-13.15625 0.00006855894682811873
-13.09375 0.0000647264591172301
-13.03125 0.00007494642634626643
-12.96875 0.00007409476241051341
-12.90625 0.00006259729927784754
-12.84375 0.00007153977060325432
-12.78125 0.00008857304931831487
-12.71875 0.00007026227469962478
-12.65625 0.00007537225831414295
-12.59375 0.00007239143453900735
-12.53125 0.00009283136899708002
-12.46875 0.00010858715180851103
-12.40625 0.00009112804112557396
-12.34375 0.00009197970506132698
-12.28125 0.00010688382393700497
-12.21875 0.0001141229673909057
-12.15625 0.00010986464771214057
-12.09375 0.00010390300016186938
-12.03125 0.00011710379116604131
-11.96875 0.0000953863608043391
-11.90625 0.00013796955759199048
-11.84375 0.00012860125429870717
-11.78125 0.000122639606748436
-11.71875 0.00014350537317438515
-11.65625 0.00014095038136712607
-11.59375 0.00013924705349562002
-11.53125 0.00014052454939924956
-11.46875 0.00015542866827492755
-11.40625 0.00014733786088527378
-11.34375 0.00014861535678890333
-11.28125 0.00014818952482102682
-11.21875 0.00017288777895786461
-11.15625 0.0001843852420905305
-11.09375 0.0001724619469899881
-11.03125 0.00016948112321485252
-10.96875 0.00018055275437964187
-10.90625 0.00017629443470087674
-10.84375 0.00019290188144806077
-10.78125 0.00018183025028327142
-10.71875 0.00019503104128744335
-10.65625 0.00020567684048435617
-10.59375 0.00019545687325531986
-10.53125 0.00020823183229161526
-10.46875 0.00022696843887818187
-10.40625 0.0002465567094005015
-10.34375 0.0002486858692398841
-10.28125 0.0002405950618502303
-10.21875 0.00027466161928035144
-10.15625 0.00026912580369795676
-10.09375 0.00027849410699124004
-10.03125 0.0002989340414493127
-9.96875 0.0003036181930959544
-9.90625 0.0003014890332565718
-9.84375 0.0003321489349436808
-9.78125 0.0003312972710079278
-9.71875 0.000353866365305383
-9.65625 0.00033342643084731036
-9.59375 0.0003781387874743443
-9.53125 0.00036408633253441934
-9.46875 0.000384526266992492
-9.40625 0.0003951720661894048
-9.34375 0.0004211478162298722
-9.28125 0.0004347744392019206
-9.21875 0.0004147603367117245
-9.15625 0.00044797523020609256
-9.09375 0.00047011849253567127
-9.03125 0.00047480264418231293
-8.96875 0.00047608014008594245
-8.90625 0.0005058883778372985
-8.84375 0.0005012042261906568
-8.78125 0.0005429357590425552
-8.71875 0.0005484715746249499
-8.65625 0.0005646531894042574
-8.59375 0.0005957389230592428
-8.53125 0.0006080880501276618
-8.46875 0.0006515229108510662
-8.40625 0.0006442837673971654
-8.34375 0.0006830344764739282
-8.28125 0.0007537225831414295
-8.21875 0.0007639425503704659
-8.15625 0.0007481867675590349
-8.09375 0.0008261140176804368
-8.03125 0.0008704005423395943
-7.96875 0.0009142612350308752
-7.90625 0.0009436436408143547
-7.84375 0.0009219262104526525
-7.78125 0.0009700452228226986
-7.71875 0.0010403074975223233
-7.65625 0.001092258997603258
-7.59375 0.0011020531328644178
-7.53125 0.0011493204812987109
-7.46875 0.0011748703993713016
-7.40625 0.0011910520141506092
-7.34375 0.0012677017683683817
-7.28125 0.0013298732356783528
-7.21875 0.0013605331373654618
-7.15625 0.0013728822644338806
-7.09375 0.00143036958009721
-7.03125 0.0015300142605803142
-6.96875 0.001522349285158537
-6.90625 0.001586224080340014
-6.84375 0.0016675579862044283
-6.78125 0.0017003470477309198
-6.71875 0.0018029725519891596
-6.65625 0.0018451299168089344
-6.59375 0.001879622306206932
-6.53125 0.0019677695235573705
-6.46875 0.002030366822835218
-6.40625 0.002204957929664589
-6.34375 0.002199422114082194
-6.28125 0.0022756460363320898
-6.21875 0.0023539991184213685
-6.15625 0.0025388101924797755
-6.09375 0.002584800045010439
-6.03125 0.002699348844369221
-5.96875 0.0027551328321610445
-5.90625 0.0029195039717613788
-5.84375 0.0030187228202766068
-5.78125 0.003163079857386745
-5.71875 0.003322341013372561
-5.65625 0.003454774755382157
-5.59375 0.0034858604890371423
-5.53125 0.003730713870566138
-5.46875 0.003809492784623293
-5.40625 0.004002394666071354
-5.34375 0.004059881981734683
-5.28125 0.00426300383041178
-5.21875 0.004512541363587417
-5.15625 0.004533407130013366
-5.09375 0.0047889063107392745
-5.03125 0.004897493462547786
-4.96875 0.005201537487611617
-4.90625 0.005403381840385084
-4.84375 0.005430635086329181
-4.78125 0.0057197749925173335
-4.71875 0.005941207615813121
-4.65625 0.006130702841518169
-4.59375 0.006391312005858596
-4.53125 0.006702595174376328
-4.46875 0.006884851256627475
-4.40625 0.007132685461931606
-4.34375 0.007446949454224474
-4.28125 0.007737792688284133
-4.21875 0.008120615627405119
-4.15625 0.008326292467889474
-4.09375 0.008813870071108083
-4.03125 0.009115359104364656
-3.96875 0.009428771432721769
-3.90625 0.009907406564614972
-3.84375 0.01038263504076516
-3.78125 0.010897465889927866
-3.71875 0.011255164742944137
-3.65625 0.011863252793071799
-3.59375 0.012335074613478976
-3.53125 0.012865235413485237
-3.46875 0.01336558797574014
-3.40625 0.014009445911169429
-3.34375 0.014645213039209064
-3.28125 0.015246913609818578
-3.21875 0.01588055157801883
-3.15625 0.016489491292082246
-3.09375 0.017293036215465227
-3.03125 0.018073586212582878
-2.96875 0.018776208959579124
-2.90625 0.01960147131332381
-2.84375 0.020266620847146925
-2.78125 0.02156072419752365
-2.71875 0.022340422530705544
-2.65625 0.02340883493810772
-2.59375 0.024444032452015523
-2.53125 0.025621883675161963
-2.46875 0.026585541418466512
-2.40625 0.028314845040013036
-2.34375 0.029648976595370153
-2.28125 0.03163420522961046
-2.21875 0.03320254436729966
-2.15625 0.03533425919848949
-2.09375 0.03779130965313698
-2.03125 0.04018107865685997
-1.96875 0.04304777946460466
-1.90625 0.046353087199262163
-1.84375 0.04959324264283455
-1.78125 0.05334056396014788
-1.71875 0.05760740027827055
-1.65625 0.06171710460024678
-1.59375 0.06606186816849086
-1.53125 0.07013069262155094
-1.46875 0.07483869085839367
-1.40625 0.07931035235306495
-1.34375 0.08414226769255975
-1.28125 0.08926417460217846
-1.21875 0.09491368731999617
-1.15625 0.10094900380071
-1.09375 0.10724663277363576
-1.03125 0.11401267691122569
-0.96875 0.122291276198713
-0.90625 0.13086455120797086
-0.84375 0.1408464783669642
-0.78125 0.15307168833273105
-0.71875 0.16654458596437607
-0.65625 0.18379844563879666
-0.59375 0.20376272578875126
-0.53125 0.22928411311949437
-0.46875 0.2625518097778791
-0.40625 0.3065002238545426
-0.34375 0.36392281305875473
-0.28125 0.438931836704299
-0.21875 0.5343335274594817
-0.15625 0.6453743230668972
-0.09375 0.7621744960398426
-0.03125 0.8642638778505258
0.03125 0.9170947209451256
0.09375 0.9002858556771359
0.15625 0.818151385713114
0.21875 0.6944970213852282
0.28125 0.5638926535096299
0.34375 0.44931106508932117
0.40625 0.36079550308666963
0.46875 0.29701652009796475
0.53125 0.2522811685446655
0.59375 0.2189231955090909
0.65625 0.192542479267173
0.71875 0.1714774234802576
0.78125 0.1551361217129964
0.84375 0.14167088905677314
0.90625 0.13031991212105679
0.96875 0.12051555689266794
1.03125 0.11139040365304212
1.09375 0.10402734309648932
1.15625 0.09720764413094694
1.21875 0.09067325258388184
1.28125 0.08558754139153264
1.34375 0.07991716290728898
1.40625 0.07478248103863398
1.46875 0.07083459286445082
1.53125 0.06664994211612832
1.59375 0.06231114019543452
1.65625 0.05843010764020797
1.71875 0.055198894667960983
1.78125 0.05165341770342113
1.84375 0.04830637843591173
1.90625 0.044969559135631366
1.96875 0.04198319954491338
2.03125 0.039100742954357254
2.09375 0.03663602752428799
2.15625 0.0340214192415262
2.21875 0.032117950345118176
2.28125 0.03014038668629965
2.34375 0.02843280049511483
2.40625 0.02680952903356956
2.46875 0.02541791016254911
2.53125 0.02427114467305766
2.59375 0.0232495737821219
2.65625 0.022078961702429366
2.71875 0.021178752922338416
2.78125 0.020034542424654224
2.84375 0.01921566755042769
2.90625 0.018266062262063062
2.96875 0.01749913888791746
3.03125 0.016797367804856966
3.09375 0.016090060906214076
3.15625 0.01548239868805429
3.21875 0.01481554582635967
3.28125 0.014069914050607894
3.34375 0.0134878017505207
3.40625 0.013093907180234924
3.46875 0.012485819130107262
3.53125 0.011991002383434753
3.59375 0.011462119079332122
3.65625 0.011059707869688818
3.71875 0.010601086840285812
3.78125 0.010259143770080971
3.84375 0.009772843662765993
3.90625 0.009384910740030488
3.96875 0.00890712727207304
4.03125 0.008642259788053849
4.09375 0.008269656816161899
4.15625 0.007945172856639995
4.21875 0.007685841188203198
4.28125 0.007272358347395104
4.34375 0.007041983252773909
4.40625 0.006786909904015878
4.46875 0.006571438928270361
4.53125 0.00634191549758492
4.59375 0.0061098370750922205
4.65625 0.0059859199724401554
4.71875 0.005747454070429307
4.78125 0.005587341250507738
4.84375 0.005285000553315413
4.90625 0.005140643516205275
4.96875 0.004955406610178991
5.03125 0.00479316463041804
5.09375 0.004748026441823129
5.15625 0.004589616949773066
5.21875 0.00437542346993118
5.28125 0.004190186563904896
5.34375 0.004048384518602017
5.40625 0.0039014724896846197
5.46875 0.0038282293912098595
5.53125 0.0036353275097617986
5.59375 0.0035782660260663458
5.65625 0.0034096365667872462
5.71875 0.003227806316503975
5.78125 0.003115386676984575
5.84375 0.0030574735293533695
5.90625 0.0029297239389904153
5.96875 0.0027725919428439817
6.03125 0.0026772055820396424
6.09375 0.0025767092376207854
6.15625 0.0025072986268569134
6.21875 0.00241489308982771
6.28125 0.002349740798742603
6.34375 0.002238172823158957
6.40625 0.0022445603026771043
6.46875 0.0020921124581773126
6.53125 0.0020095010564092687
6.59375 0.001980544482593666
6.65625 0.001964788699782235
6.71875 0.0018749381545602904
6.78125 0.0018076567036358013
6.84375 0.001737820260904053
6.90625 0.001683313769015859
6.96875 0.0015892049041151496
7.03125 0.001584520752468508
7.09375 0.0014814694162423917
7.15625 0.0014695461211418493
7.21875 0.0014086521497355079
7.28125 0.0014107813095748903
7.34375 0.0013115624610596627
7.40625 0.0013013424938306264
7.46875 0.0012562043052357157
7.53125 0.001211491948608682
7.59375 0.0011382488501339215
7.65625 0.0011399521780054275
7.71875 0.001075651550856074
7.78125 0.0010547857844301247
7.84375 0.001016886739289115
7.90625 0.0010211450589678803
7.96875 0.0009461986326216137
8.03125 0.0008853046612152723
8.09375 0.0009104287473199866
8.15625 0.0008388889767167322
8.21875 0.0008099324029011293
8.28125 0.0007630908864347128
8.34375 0.0007707558618564901
8.40625 0.0007562775749486886
8.46875 0.00072434017735795
8.53125 0.0006872927961526933
8.59375 0.0006868669641848168
8.65625 0.0006941061076387176
8.71875 0.0006434321034614124
8.78125 0.0006170305214530685
8.84375 0.0005978680828986255
8.90625 0.0005872222837017126
8.96875 0.0005548590541430976
9.03125 0.0005467682467534437
9.09375 0.000522069992616606
9.15625 0.000524624984423865
9.21875 0.0004977975704476447
9.28125 0.00046926682859991826
9.34375 0.00044967855807759863
9.40625 0.00046969266056779476
9.46875 0.0004403102547843153
9.53125 0.0004156120006474775
9.59375 0.0004407360867521918
9.65625 0.0004177411604868601
9.71875 0.00037643545960283826
9.78125 0.0003909137465106397
9.84375 0.0003713254759883201
9.90625 0.0003479047177551118
9.96875 0.0003312972710079278
10.03125 0.0003385364144618285
10.09375 0.000323206463618274
10.15625 0.0003227806316503975
10.21875 0.00029680488160993015
10.28125 0.0002801974348627461
10.34375 0.00026869997173008026
10.40625 0.0002810490987984991
10.46875 0.0002678483077943272
10.53125 0.0002589058364689204
10.59375 0.0002678483077943272
10.65625 0.00024740837333625456
10.71875 0.0002486858692398841
10.78125 0.00021930346345640464
10.84375 0.00023165259052482354
10.90625 0.0002486858692398841
10.96875 0.00020184435277346757
11.03125 0.00021078682409887434
11.09375 0.00021163848803462738
11.15625 0.00020184435277346757
11.21875 0.0001971602011268259
11.28125 0.0001869402338977896
11.34375 0.00019886352899833195
11.40625 0.00018183025028327142
11.46875 0.00018183025028327142
11.53125 0.00017629443470087674
11.59375 0.00017033278715060553
11.65625 0.000184811074058407
11.71875 0.00017629443470087674
11.78125 0.00014265370923863214
11.84375 0.000153299508435545
11.90625 0.00015031868466040937
11.96875 0.00014350537317438515
12.03125 0.00015457700433917454
12.09375 0.0001354145657847314
12.15625 0.000138395389559867
12.21875 0.00012689792642720112
12.28125 0.0001354145657847314
12.34375 0.0001230654387163125
12.40625 0.00011880711903754736
12.46875 0.00012349127068418903
12.53125 0.000107735487872758
12.59375 0.00011923295100542388
12.65625 0.00012093627887692993
12.71875 0.00010943881574426405
12.78125 0.00011327130345515268
12.84375 0.00010262550425823983
12.90625 0.00009751552064372168
12.96875 0.00008559222554317928
13.03125 0.00009325720096495653
13.09375 0.00009410886490070957
13.15625 0.00009794135261159818
13.21875 0.00009027637718982094
13.28125 0.00009666385670796864
13.34375 0.00008772138538256185
13.40625 0.00008857304931831487
13.46875 0.000077075586185649
13.53125 0.00006685561895661267
13.59375 0.00007537225831414295
13.65625 0.0000766497542177725
13.71875 0.00006898477879599524
13.78125 0.00006174563534209451
13.84375 0.00007452059437838992
13.90625 0.00007452059437838992
13.96875 0.00006217146730997102
14.03125 0.00005365482795244074
14.09375 0.00006004230747058845
14.15625 0.00005919064353483542
14.21875 0.00005663565172757634
14.28125 0.00006046813943846496
14.34375 0.000054506491888193774
14.40625 0.00004513818859491047
14.46875 0.0000493965082736756
14.53125 0.000057487315663329365
14.59375 0.00005919064353483542
14.65625 0.000054932323856070286
14.71875 0.000054932323856070286
14.78125 0.00004343486072340441
14.84375 0.00004428652465915744
14.90625 0.0000493965082736756
14.96875 0.00004854484433792258
15.03125 0.00003576988530162716
15.09375 0.00003534405333375065
15.15625 0.00004130570088402184
15.21875 0.000036195717269503674
15.28125 0.00003789904514100973
15.34375 0.000036195717269503674
15.40625 0.00003576988530162716
15.46875 0.00003747321317313322
15.53125 0.00003236322955861505
15.59375 0.00003576988530162716
15.65625 0.00003236322955861505
15.71875 0.00003491822136587414
15.78125 0.00003023406971923248
15.84375 0.00003491822136587414
15.90625 0.00003917654104463927
15.96875 0.00003491822136587414
16.03125 0.000027253245944096887
16.09375 0.00002980823775135597
16.15625 0.000022994926265331746
16.21875 0.00003576988530162716
16.28125 0.000025975750040467344
16.34375 0.00002980823775135597
16.40625 0.00003023406971923248
16.46875 0.00003236322955861505
16.53125 0.000023846590201084774
16.59375 0.000028104909879849915
16.65625 0.0000246982541368378
16.71875 0.00002640158200834386
16.78125 0.000019162438554443124
16.84375 0.000022569094297455234
16.90625 0.000023846590201084774
16.96875 0.0000153299508435545
17.03125 0.00002001410249019615
17.09375 0.000019588270522319636
17.15625 0.000018310774618690097
17.21875 0.00001745911068293707
17.28125 0.00001575578281143101
17.34375 0.00002086576642594918
17.40625 0.00002086576642594918
17.46875 0.000017033278715060554
17.53125 0.00001575578281143101
17.59375 0.0000123491270684189
17.65625 0.000011497463132665873
17.71875 0.000016607446747184038
17.78125 0.000017033278715060554
17.84375 0.000013626622972048444
17.90625 0.000014052454939924957
17.96875 0.00001320079100417193
18.03125 0.000016181614779307526
18.09375 0.0000153299508435545
18.15625 0.000014052454939924957
18.21875 0.00001107163116478936
18.28125 0.000009794135261159818
18.34375 0.000010219967229036332
18.40625 0.000009368303293283304
18.46875 0.00001107163116478936
18.53125 0.00000766497542177725
18.59375 0.000008090807389653763
18.65625 0.000010219967229036332
18.71875 0.000006813311486024222
18.78125 0.00000553581558239468
18.84375 0.000011923295100542387
18.90625 0.00000766497542177725
18.96875 0.000006387479518147708
19.03125 0.00000553581558239468
19.09375 0.000008090807389653763
19.15625 0.000008090807389653763
19.21875 0.0000072391434539007355
19.28125 0.000008516639357530277
19.34375 0.000004258319678765138
19.40625 0.000014478286907801471
19.46875 0.000005961647550271193
19.53125 0.000004258319678765138
19.59375 0.000008090807389653763
19.65625 0.000006813311486024222
19.71875 0.000004684151646641652
19.78125 0.000009368303293283304
19.84375 0.000003832487710888625
19.90625 0.000006813311486024222
19.96875 0.000005109983614518166
20.03125 0.0001724619469899881
