-10.03125 0.0003677749514306323
-9.96875 0.000009953530055362652
-9.90625 0.000012215695977035983
-9.84375 0.000011204374741464376
-9.78125 0.000013679450396942255
-9.71875 0.000012295537127212687
-9.65625 0.000013599609246765548
-9.59375 0.000013040721195528609
-9.53125 0.000015595638001183194
-9.46875 0.000014690771632513861
-9.40625 0.000014371407031807038
-9.34375 0.000016048071185517858
-9.28125 0.000016287594636047977
-9.21875 0.000017964258789758797
-9.15625 0.000017724735339228678
-9.09375 0.000018975580025330402
-9.03125 0.000019587695510018482
-8.96875 0.000018815897724976993
-8.90625 0.000018922352591879267
-8.84375 0.000019534468076567343
-8.78125 0.000020492561878687813
-8.71875 0.000020439334445236674
-8.65625 0.00002299425125089126
-8.59375 0.000023420070718500357
-8.53125 0.00002451123310424867
-8.46875 0.00002453784682097424
-8.40625 0.000026507261858666314
-8.34375 0.0000258419189405271
-8.28125 0.000027837947694944744
-8.21875 0.000027837947694944744
-8.15625 0.000029142019814497604
-8.09375 0.00003089852511838513
-8.03125 0.00003137757201944537
-7.96875 0.00003425185342580677
-7.90625 0.00003505026492757383
-7.84375 0.00003566238041226191
-7.78125 0.00003835036580154433
-7.71875 0.00003882941270260457
-7.65625 0.00004218274101002621
-7.59375 0.00004516347728328989
-7.53125 0.00004495056754948534
-7.46875 0.000047585325505316636
-7.40625 0.000048357123290358125
-7.34375 0.000049102307358674047
-7.28125 0.00005272177283335137
-7.21875 0.00005370648035219741
-7.15625 0.000055729122823340624
-7.09375 0.000057432400693777015
-7.03125 0.00005615494229094972
-6.96875 0.00006020022723323615
-6.90625 0.00006222286970437936
-6.84375 0.00006235593828800721
-6.78125 0.00006807788738400445
-6.71875 0.00007034005330567778
-6.65625 0.00007475793028212216
-6.59375 0.00007411920108070852
-6.53125 0.00007265544666080225
-6.46875 0.00007579586523441934
-6.40625 0.00008359368423501093
-6.34375 0.00008330093335102968
-6.28125 0.00008968822536516614
-6.21875 0.00009144473066905366
-6.15625 0.00009466499039284747
-6.09375 0.00009748604436575774
-6.03125 0.00010105228240698393
-5.96875 0.00010536370451652604
-5.90625 0.00011270909033278297
-5.84375 0.00011638178324091144
-5.78125 0.00012127870711841605
-5.71875 0.00012910313983573323
-5.65625 0.00013163144292466223
-5.59375 0.00013341456194527533
-5.53125 0.00013831148582277997
-5.46875 0.0001458165539393903
-5.40625 0.0001537740552403353
-5.34375 0.00016167832910782918
-5.28125 0.00016415340476330704
-5.21875 0.00017168508659664295
-5.15625 0.00017373434278451175
-5.09375 0.0001793764507303323
-5.03125 0.0001916453741408194
-4.96875 0.00019563743164965468
-4.90625 0.0002054578931213895
-4.84375 0.00020838540196120204
-4.78125 0.00021772681653187663
-4.71875 0.00022791987003776938
-4.65625 0.0002325772704647439
-4.59375 0.00024245095936992984
-4.53125 0.0002509673487221118
-4.46875 0.00025996278497535395
-4.40625 0.0002732430296214127
-4.34375 0.0002794440256184702
-4.28125 0.00029634373573920623
-4.21875 0.0003089320237504002
-4.15625 0.000317022593634973
-4.09375 0.0003370893360460517
-4.03125 0.00035068894529281726
-3.96875 0.00036671040276160956
-3.90625 0.00038376979518269904
-3.84375 0.0004082810282869477
-3.78125 0.0004238500525714053
-3.71875 0.0004457531414365483
-3.65625 0.00046739009313443553
-3.59375 0.0004890536585490483
-3.53125 0.0005149754186397522
-3.46875 0.0005331792008800411
-3.40625 0.000557610592834113
-3.34375 0.0005808975949689856
-3.28125 0.0006134993979578071
-3.21875 0.0006374517430108188
-3.15625 0.0006613242469136538
-3.09375 0.0006940325047693777
-3.03125 0.0007295884303147373
-2.96875 0.00075101247227882
-2.90625 0.0007919443686027445
-2.84375 0.0008383586905721361
-2.78125 0.0008780131284932333
-2.71875 0.0009236290389608579
-2.65625 0.0009587325313218828
-2.59375 0.0010020064347176574
-2.53125 0.0010609558172647918
-2.46875 0.0011158333011529141
-2.40625 0.001197218046899703
-2.34375 0.0012514035741529605
-2.28125 0.0013409853446512245
-2.21875 0.001408930163451601
-2.15625 0.0015173544453915674
-2.09375 0.0016293715790894857
-2.03125 0.0017682419529635026
-1.96875 0.0019021089480931125
-1.90625 0.002075603767427094
-1.84375 0.002223709101004883
-1.78125 0.00239999836059505
-1.71875 0.0025985899148012427
-1.65625 0.002791512747344889
-1.59375 0.0029952939763125677
-1.53125 0.003210093284004632
-1.46875 0.0034602622212249767
-1.40625 0.00368977891426628
-1.34375 0.003973507748277567
-1.28125 0.004261255253514415
-1.21875 0.004588444286938555
-1.15625 0.004948714170252577
-1.09375 0.005324579691567782
-1.03125 0.005710026150904192
-0.96875 0.0061934643152241455
-0.90625 0.006722332093994644
-0.84375 0.007294713299611448
-0.78125 0.008022837975506278
-0.71875 0.008798734272923506
-0.65625 0.009829270611970971
-0.59375 0.011083681536113922
-0.53125 0.012705441592219894
-0.46875 0.014947194793164713
-0.40625 0.018104246939735287
-0.34375 0.022844256343425955
-0.28125 0.030189588932249434
-0.21875 0.041195505188091244
-0.15625 0.05566580879125049
-0.09375 0.06992868508625066
-0.03125 0.07770824707716852
0.03125 0.07583144777368142
0.09375 0.06621396911941253
0.15625 0.05364130335993649
0.21875 0.04177060099281406
0.28125 0.032291513665518114
0.34375 0.02513229079775654
0.40625 0.020065784317276594
0.46875 0.016433757168304797
0.53125 0.013827342820786239
0.59375 0.011945061091653674
0.65625 0.010527375015399363
0.71875 0.00938311826478354
0.78125 0.008519662839339193
0.84375 0.007802982061636357
0.90625 0.007171225654004809
0.96875 0.006638126294274945
1.03125 0.00617217334184369
1.09375 0.0057366132539130345
1.15625 0.005354812873768028
1.21875 0.0049951018785052426
1.28125 0.004678664786638232
1.34375 0.004384742899121052
1.40625 0.00407240431962978
1.46875 0.003812547989521328
1.53125 0.0035457987067809543
1.59375 0.0033027090182096105
1.65625 0.0030731657114515818
1.71875 0.0028493975812230008
1.78125 0.002647718835876642
1.84375 0.002417749709651004
1.90625 0.0022418330420949954
1.96875 0.0020621904541974078
2.03125 0.0018944974251095998
2.09375 0.0017268043960217924
2.15625 0.0016265239113998498
2.21875 0.0014853115304539828
2.28125 0.0013887303524568945
2.34375 0.0013120296208538058
2.40625 0.0012291278932536596
2.46875 0.0011639509009927422
2.53125 0.001101967554738893
2.59375 0.0010334106204538283
2.65625 0.000997349034290683
2.71875 0.0009324914066304722
2.78125 0.0008965895027676802
2.84375 0.0008554713104266767
2.90625 0.0008273406118477507
2.96875 0.0007848385062370176
3.03125 0.0007524229992652751
3.09375 0.0007130346985114336
3.15625 0.0006775053866827995
3.21875 0.0006487093451857343
3.28125 0.0006212972169583987
3.34375 0.0005921818108606267
3.40625 0.000571928772432469
3.46875 0.0005495732503829914
3.53125 0.0005159601261585982
3.59375 0.0004978627987852115
3.65625 0.0004802977457463363
3.71875 0.0004567446064442081
3.78125 0.0004383545281868402
3.84375 0.0004108093313758767
3.90625 0.000395985491159735
3.96875 0.0003701435722192079
4.03125 0.0003580343311090742
4.09375 0.0003340553723393369
4.15625 0.0003230639073316771
4.21875 0.0003043544644736024
4.28125 0.000298765583961233
4.34375 0.00028418126719562136
4.40625 0.0002682662645937314
4.46875 0.0002656581203546256
4.53125 0.00025429406331280787
4.59375 0.00024846565934990834
4.65625 0.0002359572124888911
4.71875 0.00023169901781280012
4.78125 0.00021937686696886188
4.84375 0.0002151186722927709
4.90625 0.000204686095336348
4.96875 0.00019827218960548598
5.03125 0.00019255024050948873
5.09375 0.00018501855867615282
5.15625 0.0001802014759488249
5.21875 0.00017221736093115433
5.28125 0.00016974228527567644
5.34375 0.00016024118840464848
5.40625 0.0001559829937285575
5.46875 0.00014778596897708238
5.53125 0.00014363422916789366
5.59375 0.00014046719687755101
5.65625 0.00013093948628979747
5.71875 0.00012702726993113887
5.78125 0.00012061336420027684
5.84375 0.00011885685889638932
5.90625 0.00011483818767082846
5.96875 0.00010770571158837607
6.03125 0.00010360719921263852
6.09375 0.00009884334391876173
6.15625 0.00009280203022205767
6.21875 0.00009248266562135084
6.28125 0.00008888981386339909
6.34375 0.00008154442804714216
6.40625 0.00007946855814254781
6.46875 0.0000793887169923711
6.53125 0.00007614184355185173
6.59375 0.00007281512896115565
6.65625 0.00007278851524443008
6.71875 0.00006935534578683175
6.78125 0.00006775852278329762
6.84375 0.00006501730996056406
6.90625 0.00006384630642463904
6.96875 0.00006190350510367253
7.03125 0.00005940181573146909
7.09375 0.00005791144759483725
7.15625 0.000055329917072457096
7.21875 0.000052162884782114436
7.28125 0.000053041137434058196
7.34375 0.00005022008346114793
7.40625 0.00004992733257716667
7.46875 0.00004534977330036887
7.53125 0.00004699982373735413
7.59375 0.000042635174194360875
7.65625 0.00004125126092463131
7.71875 0.000041756921542417115
7.78125 0.00003994718880507845
7.84375 0.0000360083587296943
7.90625 0.00003489058262722042
7.96875 0.00003454460430978803
8.03125 0.0000327880990059005
8.09375 0.00003031302335042262
8.15625 0.000030286409633697054
8.21875 0.000028210539729102702
8.28125 0.000029115406097772036
8.34375 0.000027837947694944744
8.40625 0.000026454034425215175
8.46875 0.000025522554339820277
8.53125 0.00002469752912132765
8.59375 0.000024431391954071965
8.65625 0.000022142612315673065
8.71875 0.000022914410100714555
8.78125 0.00002134420081390601
8.84375 0.000019880446393999736
8.90625 0.000019907060110725304
8.96875 0.000019720764093646324
9.03125 0.000019161876042409382
9.09375 0.000018017486223209936
9.15625 0.000019002193742055973
9.21875 0.000016367435786224683
9.28125 0.000017458598171972995
9.34375 0.000016181139769145703
9.40625 0.000014983522516495116
9.46875 0.000014610930482337155
9.53125 0.000015116591100122958
9.59375 0.000014105269864551351
9.65625 0.000014983522516495116
9.71875 0.000013546381813314411
9.78125 0.00001242860571084053
9.84375 0.000011603580492347905
9.90625 0.000011843103942878022
9.96875 0.000011364057041817787
10.03125 0.0003832641345649132
