-20.03125 0.00000981999209344268
-19.96875 0.0000002661244469767664
-19.90625 0.00000021289955758141312
-19.84375 0.00000029273689167444306
-19.78125 0.00000015967466818605983
-19.71875 0.00000015967466818605983
-19.65625 0.0000004790240045581795
-19.59375 0.0000003459617810697963
-19.53125 0.00000023951200227908975
-19.46875 0.0000003459617810697963
-19.40625 0.00000031934933637211966
-19.34375 0.0000004524115598605029
-19.28125 0.00000042579911516282624
-19.21875 0.00000023951200227908975
-19.15625 0.00000039918667046514963
-19.09375 0.0000004790240045581795
-19.03125 0.00000039918667046514963
-18.96875 0.0000005322488939535328
-18.90625 0.0000006386986727442393
-18.84375 0.0000004790240045581795
-18.78125 0.00000042579911516282624
-18.71875 0.0000005056364492558562
-18.65625 0.00000042579911516282624
-18.59375 0.0000005854737833488861
-18.53125 0.0000005322488939535328
-18.46875 0.0000007717608962326226
-18.40625 0.0000006386986727442393
-18.34375 0.0000005056364492558562
-18.28125 0.0000008515982303256525
-18.21875 0.0000005854737833488861
-18.15625 0.0000005854737833488861
-18.09375 0.0000006386986727442393
-18.03125 0.000000745148451534946
-17.96875 0.0000007717608962326226
-17.90625 0.000000958048009116359
-17.84375 0.000000745148451534946
-17.78125 0.0000007185360068372692
-17.71875 0.0000010911102326047422
-17.65625 0.0000009048231197210058
-17.59375 0.0000008249857856279759
-17.53125 0.0000010112728985117124
-17.46875 0.0000007983733409302993
-17.40625 0.0000005854737833488861
-17.34375 0.0000010112728985117124
-17.28125 0.0000011443351220000956
-17.21875 0.0000010644977879070656
-17.15625 0.0000016499715712559517
-17.09375 0.0000010911102326047422
-17.03125 0.0000009314355644186824
-16.96875 0.0000014104595689768619
-16.90625 0.0000009314355644186824
-16.84375 0.0000011443351220000956
-16.78125 0.0000010911102326047422
-16.71875 0.000001490296903069892
-16.65625 0.0000013572346795815087
-16.59375 0.0000017298089053489815
-16.53125 0.0000017564213500466584
-16.46875 0.0000013572346795815087
-16.40625 0.000001783033794744335
-16.34375 0.0000016499715712559517
-16.28125 0.0000019959333523257482
-16.21875 0.000002208832909907161
-16.15625 0.0000018628711288373648
-16.09375 0.000002208832909907161
-16.03125 0.0000018894835735350414
-15.96875 0.0000020491582417211014
-15.90625 0.0000018096462394420116
-15.84375 0.0000022886702440001913
-15.78125 0.0000022354453546048376
-15.71875 0.000001783033794744335
-15.65625 0.000002208832909907161
-15.59375 0.0000026346320250699875
-15.53125 0.000002581407135674634
-15.46875 0.0000028209191379537238
-15.40625 0.000002661244469767664
-15.34375 0.0000022886702440001913
-15.28125 0.000002874144027349077
-15.21875 0.0000030604311402328136
-15.15625 0.0000026878569144653407
-15.09375 0.0000029273689167444306
-15.03125 0.000003113656029628167
-14.96875 0.000003459617810697963
-14.90625 0.0000037789671470700828
-14.84375 0.000004018479149349173
-14.78125 0.0000039918667046514964
-14.71875 0.000004337828485721293
-14.65625 0.000003752354702372406
-14.59375 0.000003858804481163113
-14.53125 0.000004603952932698059
-14.46875 0.00000404509159404685
-14.40625 0.000005056364492558561
-14.34375 0.000005402326273628358
-14.28125 0.000004497503153907352
-14.21875 0.000004444278264511999
-14.15625 0.0000048168524902794716
-14.09375 0.000005508776052419065
-14.03125 0.0000050829769372562384
-13.96875 0.000005774900499395831
-13.90625 0.000005615225831209771
-13.84375 0.000005934575167581891
-13.78125 0.000006041024946372597
-13.71875 0.000005162814271349268
-13.65625 0.000006041024946372597
-13.59375 0.000006253924503954011
-13.53125 0.00000689262317669825
-13.46875 0.000006626498729721483
-13.40625 0.000007531321849442489
-13.34375 0.000007744221407023902
-13.28125 0.000007105522734279663
-13.21875 0.0000072918098471633995
-13.15625 0.000008249857856279758
-13.09375 0.000009553867646465915
-13.03125 0.000008569207192651879
-12.96875 0.000008782106750233292
-12.90625 0.00000981999209344268
-12.84375 0.000009633704980558943
-12.78125 0.000010272403653303183
-12.71875 0.000010591752989675303
-12.65625 0.000010751427657861363
-12.59375 0.000010192566319210153
-12.53125 0.000011469963664698632
-12.46875 0.000011150614328326512
-12.40625 0.000011656250777582368
-12.34375 0.000012108662337442872
-12.28125 0.000012800585899582464
-12.21875 0.000013173160125349938
-12.15625 0.000013838471242791852
-12.09375 0.000013359447238233673
-12.03125 0.000014503782360233769
-11.96875 0.000014690069473117505
-11.90625 0.000014583619694326799
-11.84375 0.000015142481032978009
-11.78125 0.000017936787726234057
-11.71875 0.000017697275723954966
-11.65625 0.00001735131394288517
-11.59375 0.000017085189495908402
-11.53125 0.000018814998401257386
-11.46875 0.000019746433965676068
-11.40625 0.00001908112284823415
-11.34375 0.00002003917085735051
-11.28125 0.00002065125708539707
-11.21875 0.0000218754295414902
-11.15625 0.000022061716654373934
-11.09375 0.000022780252661211203
-11.03125 0.000023232664221071706
-10.96875 0.00002291331488469959
-10.90625 0.000025308434907490486
-10.84375 0.000025228597573397456
-10.78125 0.00002637293269539755
-10.71875 0.000027038243812839466
-10.65625 0.000028794665162886125
-10.59375 0.00002914062694395592
-10.53125 0.000030391411844746723
-10.46875 0.0000307639860705142
-10.40625 0.00003105672296218864
-10.34375 0.00003446311588349125
-10.28125 0.00003491552744335175
-10.21875 0.00003470262788577034
-10.15625 0.000035261489224421546
-10.09375 0.00003818885814116598
-10.03125 0.0000385082074775381
-9.96875 0.00004196782528823606
-9.90625 0.00004138235150488717
-9.84375 0.000042872648407957066
-9.78125 0.000044469395089817664
-9.71875 0.000047077414670189974
-9.65625 0.00004915318535660875
-9.59375 0.000050084620921027434
-9.53125 0.00005128218093242289
-9.46875 0.00005442244940674873
-9.40625 0.00005418293740446964
-9.34375 0.00005596597119921398
-9.28125 0.000059585263678098
-9.21875 0.00006075621124479577
-9.15625 0.00006264569481833081
-9.09375 0.0000629916565994006
-9.03125 0.0000668770735252614
-8.96875 0.00007001734199958724
-8.90625 0.00007573901760958771
-8.84375 0.00007366324692316894
-8.78125 0.00007520676871563418
-8.71875 0.00007930508519907639
-8.65625 0.000081806655000658
-8.59375 0.00008899201506903069
-8.53125 0.00009282420710549613
-8.46875 0.00009269114488200774
-8.40625 0.00009859910760489195
-8.34375 0.0001034425725398691
-8.28125 0.00010501270677703202
-8.21875 0.0001082328125854509
-8.15625 0.00011262386596056754
-8.09375 0.00011605687132656782
-8.03125 0.000119170527356196
-7.96875 0.00012414705451466152
-7.90625 0.00013165176391940635
-7.84375 0.00013814520042563944
-7.78125 0.0001411524066764769
-7.71875 0.00014735310629103557
-7.65625 0.0001500409632055009
-7.59375 0.00016081900330805994
-7.53125 0.00016704631536731626
-7.46875 0.00016965433494768858
-7.40625 0.00017992673860099177
-7.34375 0.00018144364794875933
-7.28125 0.00019509583207866744
-7.21875 0.00020100379480155167
-7.15625 0.0002076835184206685
-7.09375 0.00022221391322559995
-7.03125 0.00022676464126890266
-6.96875 0.00023552013557443828
-6.90625 0.0002447014289951367
-6.84375 0.000254388358865091
-6.78125 0.000272245309257232
-6.71875 0.0002827572249128143
-6.65625 0.00029398767657523383
-6.59375 0.0003070277744770954
-6.53125 0.0003171405034622125
-6.46875 0.0003373659614324468
-6.40625 0.0003466803170766336
-6.34375 0.0003637122816831466
-6.28125 0.0003797595858358457
-6.21875 0.00039410369352789335
-6.15625 0.000411827581696546
-6.09375 0.00043160062810691975
-6.03125 0.0004455721615732
-5.96875 0.0004698693235821788
-5.90625 0.0004959495193859019
-5.84375 0.0005113581248658566
-5.78125 0.0005353891624278586
-5.71875 0.0005600056737732096
-5.65625 0.0005954002252211195
-5.59375 0.0006138692618413071
-5.53125 0.0006423445776678211
-5.46875 0.000670580381492056
-5.40625 0.0007004661568875469
-5.34375 0.0007294204967186191
-5.28125 0.0007744753655917856
-5.21875 0.0008090183188093699
-5.15625 0.0008394363430988143
-5.09375 0.0008753897558853754
-5.03125 0.0009208438114290071
-4.96875 0.0009625721247149641
-4.90625 0.0010041141508880373
-4.84375 0.0010543052215878554
-4.78125 0.0010993867029057197
-4.71875 0.0011534631905313986
-4.65625 0.0012047453714638214
-4.59375 0.0012523284225832672
-4.53125 0.0013072831208839695
-4.46875 0.0013656708245506721
-4.40625 0.0014380832865730504
-4.34375 0.0014981741867004042
-4.28125 0.0015768405732267364
-4.21875 0.0016314759221910664
-4.15625 0.0017199623008108413
-4.09375 0.001778988703150288
-4.03125 0.0018743410925020634
-3.96875 0.0019375722611037433
-3.90625 0.0020386729385102166
-3.84375 0.002125296446001154
-3.78125 0.002216337619311906
-3.71875 0.0023150431766955884
-3.65625 0.00241696883988769
-3.59375 0.002512214779460675
-3.53125 0.002624812032976545
-3.46875 0.002749784073276834
-3.40625 0.002863472437025309
-3.34375 0.002982988926162575
-3.28125 0.003107801291794678
-3.21875 0.0032286750156115254
-3.15625 0.003377172457024561
-3.09375 0.0035029694831104786
-3.03125 0.0036493113165030023
-2.96875 0.003774629318584362
-2.90625 0.003946678773554841
-2.84375 0.004094191554514063
-2.78125 0.0042762472886908685
-2.71875 0.00443131800394423
-2.65625 0.004594505514830384
-2.59375 0.004774671765433654
-2.53125 0.004947040569740506
-2.46875 0.005136121989317498
-2.40625 0.005291804790798907
-2.34375 0.0055125816320108325
-2.28125 0.005699587280901406
-2.21875 0.00591442954694575
-2.15625 0.006115167217300325
-2.09375 0.006313270255629829
-2.03125 0.0065129434281964976
-1.96875 0.006754557813606703
-1.90625 0.006955322096405976
-1.84375 0.007160184695688691
-1.78125 0.007414785954111363
-1.71875 0.007617386495594776
-1.65625 0.007859772641901214
-1.59375 0.00807035691679393
-1.53125 0.008297813481624972
-1.46875 0.008544271331970155
-1.40625 0.008749027481474079
-1.34375 0.008991174115778239
-1.28125 0.009236354568777933
-1.21875 0.009458914443784603
-1.15625 0.009696936149160623
-1.09375 0.009939481970135248
-1.03125 0.010151902503712104
-0.96875 0.0103489676566984
-0.90625 0.010580043514008325
-0.84375 0.010758506568150944
-0.78125 0.011004565231825664
-0.71875 0.011173181681430142
-0.65625 0.011398642312908859
-0.59375 0.011534738355092777
-0.53125 0.011683794657844464
-0.46875 0.01190159090525025
-0.40625 0.01204795935108747
-0.34375 0.012166916978886085
-0.28125 0.012262242755793164
-0.21875 0.012355253250011543
-0.15625 0.012433626899646201
-0.09375 0.012473678628916204
-0.03125 0.012548778947853048
0.03125 0.012578930847695515
0.09375 0.012607379551077331
0.15625 0.01253890573087021
0.21875 0.012512240061283137
0.28125 0.0124599732198969
0.34375 0.012397194462855081
0.40625 0.012272302259888885
0.46875 0.012186423900849482
0.53125 0.01209184327239394
0.59375 0.011907365805749645
0.65625 0.011778694635636378
0.71875 0.011596532451680783
0.78125 0.011474301493184354
0.84375 0.011257037494672521
0.90625 0.01102383264178678
0.96875 0.010846354248097975
1.03125 0.010606629346261304
1.09375 0.010376644599183983
1.15625 0.01015480326018415
1.21875 0.009937113462557155
1.28125 0.009709151261276857
1.34375 0.009461495850920279
1.40625 0.009272653943345565
1.46875 0.009038970066455267
1.53125 0.008756186229097754
1.59375 0.008503128492467546
1.65625 0.008284028235271575
1.71875 0.008072964936374301
1.78125 0.007847025280891028
1.84375 0.007610014848413519
1.90625 0.007334895395128938
1.96875 0.007165374122404738
2.03125 0.0068982384025294595
2.09375 0.006677488173762232
2.15625 0.006468154683770307
2.21875 0.006246739143885638
2.28125 0.006056513389186645
2.34375 0.005858570025525326
2.40625 0.005628398991335121
2.46875 0.005444693285587059
2.53125 0.00523416223558374
2.59375 0.005072491634045354
2.65625 0.0048653403645186385
2.71875 0.004677270217840158
2.78125 0.004509505366466005
2.84375 0.00434416224755934
2.90625 0.004169398323229697
2.96875 0.003979438692977681
3.03125 0.0038421450907823672
3.09375 0.0036793567665666794
3.15625 0.0035308061002642483
3.21875 0.0033909577033779574
3.28125 0.0032695783431118544
3.34375 0.0031158382500933762
3.40625 0.00298980171200518
3.46875 0.0028534661578189825
3.53125 0.002735094003803717
3.59375 0.0026172540986824045
3.65625 0.002517617105734303
3.71875 0.0023919265294271765
3.78125 0.0022880581577721447
3.84375 0.0021954734626689273
3.90625 0.002090567205670686
3.96875 0.0020112088955822143
4.03125 0.0019072074617036941
4.09375 0.001823271811127222
4.15625 0.0017441264005963316
4.21875 0.0016622399082615806
4.28125 0.001596294270300738
4.34375 0.001516377098873615
4.40625 0.001451362896477191
4.46875 0.0013907663599005812
4.53125 0.0013255126455018781
4.59375 0.0012561872270644304
4.65625 0.0012162419475732179
4.71875 0.0011502164722782821
4.78125 0.001104469679842976
4.84375 0.0010444053921603198
4.90625 0.000999377135731851
4.96875 0.0009525126206192423
5.03125 0.0009119020300105878
5.09375 0.0008645851033381187
5.15625 0.0008383452328662095
5.21875 0.0007907887941914614
5.28125 0.0007534249218359234
5.34375 0.0007170190974895018
5.40625 0.0006823164696037314
5.46875 0.0006499557368513565
5.53125 0.0006254190628400987
5.59375 0.0006004832021583757
5.65625 0.000567377320954466
5.71875 0.0005439051447311151
5.78125 0.0005185168724895317
5.84375 0.0004925963513539946
5.90625 0.00046582423198813193
5.96875 0.0004612735039448292
6.03125 0.0004353795952539898
6.09375 0.0004194387408800815
6.15625 0.00039617946421431215
6.21875 0.0003775241404812408
6.28125 0.0003639784061301234
6.34375 0.00034497712061598226
6.40625 0.0003296217400254229
6.46875 0.00031408007232197973
6.53125 0.0002997093521852343
6.59375 0.00028443380892876794
6.65625 0.00027847262131648837
6.71875 0.0002688655287806271
6.78125 0.00025960439802583563
6.84375 0.0002494118317066255
6.90625 0.00023613222180248483
6.96875 0.0002217082767763441
7.03125 0.00021763657273759956
7.09375 0.00020579403484713345
7.15625 0.0002006312205757842
7.21875 0.00018902819468759717
7.28125 0.00017987351371159642
7.34375 0.00016981400961587465
7.40625 0.0001694148229454095
7.46875 0.00016135125220201346
7.53125 0.00015339413123740815
7.59375 0.00015102562365931494
7.65625 0.00014301527780531426
7.71875 0.00014016774622266286
7.78125 0.00013316867326717391
7.84375 0.00012949615589889454
7.90625 0.0001229228820585684
7.96875 0.00012010196292061468
8.03125 0.00011230451662419542
8.09375 0.00011044164549535806
8.15625 0.00010285709875652021
8.21875 0.00010168615118982244
8.28125 0.00009987650495038044
8.34375 0.00009564512624344984
8.40625 0.00009032263730391452
8.46875 0.00009013635019103077
8.53125 0.00008728881860837937
8.59375 0.0000787196114157275
8.65625 0.00007983733409302992
8.71875 0.00007645755361642499
8.78125 0.00007350357225498288
8.84375 0.00007350357225498288
8.90625 0.00006834075798363361
8.96875 0.00006551983884567988
9.03125 0.00006506742728581939
9.09375 0.000060490086797819005
9.15625 0.00006096911080237718
9.21875 0.000060889273468284157
9.28125 0.00005562000941814418
9.34375 0.000055407109860562765
9.40625 0.00005184104227107409
9.46875 0.000052320066275632274
9.53125 0.00004808868756870169
9.59375 0.00004782256312172492
9.65625 0.00004800885023460866
9.71875 0.00004343150974660828
9.78125 0.000044708907092096755
9.84375 0.00004199443773293374
9.90625 0.000037204197687351947
9.96875 0.00003874771947981719
10.03125 0.00003571390078428205
10.09375 0.00003627276212293326
10.15625 0.00003728403502144497
10.21875 0.00003475585277516569
10.28125 0.00003462279055167731
10.34375 0.000032121220750095706
10.40625 0.000031482522077351465
10.46875 0.000030444636734142078
10.53125 0.00002932691405683966
10.59375 0.000028049516711351178
10.65625 0.000027144693591630174
10.71875 0.00002661244469767664
10.78125 0.000025308434907490486
10.84375 0.00002453667401125786
10.90625 0.00002456328645595554
10.96875 0.00002283347755060656
11.03125 0.00002288670244000191
11.09375 0.000021289955758141313
11.15625 0.000021423017981629696
11.21875 0.000022088329099071612
11.28125 0.00002115689353465293
11.34375 0.00001998594596795516
11.40625 0.000019826271299769098
11.46875 0.000017777113058047996
11.53125 0.000018442424175489913
11.59375 0.0000174311512769782
11.65625 0.00001780372550274567
11.71875 0.000017138414385303758
11.78125 0.000015807792150419925
11.84375 0.00001610052904209437
11.90625 0.000015461830369350126
11.96875 0.000014290882802652356
12.03125 0.00001466345702841983
12.09375 0.000013412672127629027
12.15625 0.000014317495247350032
12.21875 0.0000137852463533965
12.28125 0.00001410459568976862
12.34375 0.000012374786784419637
12.40625 0.000011709475666977722
12.46875 0.000011656250777582368
12.53125 0.000011496576109396308
12.59375 0.000011203839217721865
12.65625 0.000011070776994233482
12.71875 0.000011709475666977722
12.78125 0.000009766767204047327
12.84375 0.000010644977879070657
12.90625 0.000009607092535861267
12.96875 0.000008915168973721674
13.03125 0.00000894178141841935
13.09375 0.000009287743199489148
13.15625 0.000008170020522186728
13.21875 0.000008569207192651879
13.28125 0.000008436144969163495
13.34375 0.0000075845467388378425
13.40625 0.000007957120964605315
13.46875 0.00000689262317669825
13.53125 0.000006866010732000573
13.59375 0.00000641359917214007
13.65625 0.000006520048950930777
13.71875 0.000007238584957768046
13.78125 0.000006094249835767951
13.84375 0.0000062006996145586575
13.90625 0.000006227312059256334
13.96875 0.000006120862280465627
14.03125 0.000005428938718326035
14.09375 0.000005801512944093508
14.15625 0.000005987800056977244
14.21875 0.000005455551163023711
14.28125 0.000004896689824372502
14.34375 0.000005003139603163208
14.40625 0.000004710402711488765
14.46875 0.000004603952932698059
14.53125 0.000004497503153907352
14.59375 0.000004364440930418969
14.65625 0.000004657177822093412
14.71875 0.000004124928928139879
14.78125 0.0000045507280433027055
14.84375 0.0000038055795917677598
14.90625 0.000004790240045581795
14.96875 0.0000035394551447909933
15.03125 0.0000037789671470700828
15.09375 0.0000037789671470700828
15.15625 0.000003912029370558466
15.21875 0.0000037257422576747295
15.28125 0.00000316688091902352
15.34375 0.0000032999431425119035
15.40625 0.0000031402684743258434
15.46875 0.0000028475315826514004
15.53125 0.0000033797804766049333
15.59375 0.000002874144027349077
15.65625 0.0000032467182531165503
15.71875 0.0000025281822462792807
15.78125 0.0000025547946909769573
15.84375 0.000002661244469767664
15.90625 0.0000026878569144653407
15.96875 0.000002794306693256047
16.03125 0.0000026346320250699875
16.09375 0.0000020491582417211014
16.15625 0.0000021822204652094844
16.21875 0.0000022886702440001913
16.28125 0.0000019959333523257482
16.34375 0.0000021822204652094844
16.40625 0.0000019959333523257482
16.46875 0.000002022545797023425
16.53125 0.0000014636844583722153
16.59375 0.0000022354453546048376
16.65625 0.0000017564213500466584
16.71875 0.0000015169093477675685
16.78125 0.000001916096018232718
16.84375 0.000001250784900790802
16.90625 0.0000018096462394420116
16.96875 0.0000013572346795815087
17.03125 0.0000014104595689768619
17.09375 0.000001330622234883832
17.15625 0.000001250784900790802
17.21875 0.0000015169093477675685
17.28125 0.0000014104595689768619
17.34375 0.0000013040097901861555
17.40625 0.0000015169093477675685
17.46875 0.0000013040097901861555
17.53125 0.0000010112728985117124
17.59375 0.000000958048009116359
17.65625 0.0000009314355644186824
17.71875 0.0000011709475666977722
17.78125 0.000000958048009116359
17.84375 0.000000745148451534946
17.90625 0.0000007185360068372692
17.96875 0.0000007717608962326226
18.03125 0.0000010112728985117124
18.09375 0.0000010112728985117124
18.15625 0.000001037885343209389
18.21875 0.0000007717608962326226
18.28125 0.000000665311117441916
18.34375 0.0000007717608962326226
18.40625 0.0000008249857856279759
18.46875 0.000000745148451534946
18.53125 0.000000745148451534946
18.59375 0.0000006919235621395926
18.65625 0.0000008515982303256525
18.71875 0.0000005854737833488861
18.78125 0.00000042579911516282624
18.84375 0.0000005588613386512094
18.90625 0.0000005322488939535328
18.96875 0.0000007983733409302993
19.03125 0.0000005588613386512094
19.09375 0.0000006919235621395926
19.15625 0.0000005056364492558562
19.21875 0.0000004524115598605029
19.28125 0.0000005322488939535328
19.34375 0.00000042579911516282624
19.40625 0.00000031934933637211966
19.46875 0.0000002661244469767664
19.53125 0.000000372574225767473
19.59375 0.00000039918667046514963
19.65625 0.00000029273689167444306
19.71875 0.0000005056364492558562
19.78125 0.00000023951200227908975
19.84375 0.00000029273689167444306
19.90625 0.00000039918667046514963
19.96875 0.0000002661244469767664
20.03125 0.000009287743199489148
