-52 0
-50 0
-48 0
-46 0
-44 0
-42 0
-40 0.000000003193105970110212
-38 0.000000008514949253627232
-36 0.000000010111502238682339
-34 0.000000028205769402640206
-32 0.0000001612518514905657
-30 0.000000532184328351702
-28 0.000009190291166305542
-26 0.0001561492681503296
-24 0.0005564867917980466
-22 0.0015048845005886896
-20 0.0026831033506563733
-18 0.004340202680655888
-16 0.006564004612820489
-14 0.00933824506189142
-12 0.013512688023703439
-10 0.020098496228456497
-8 0.02972333532358919
-6 0.04285331469561372
-4 0.05900799483060837
-2 0.0761179221527917
0 0.09092018114668983
2 0.10011889013860907
4 0.10148618929088116
6 0.09499955736100674
8 0.08333932342273849
10 0.06972342383648668
12 0.05661663892013686
14 0.044962811948997636
16 0.03469994477927685
18 0.0246779809572867
20 0.015837971653257097
22 0.009756425927792276
24 0.0043532273599079675
26 0.0016484625105346953
28 0.0003734092627252851
30 0.00001807164933000292
32 0.0000005265963929040092
34 0.00000015220471790858676
36 0.000000028205769402640206
38 0.000000010377594402858189
40 0.000000008248857089451382
42 0.000000002927013805934361
44 0
46 0
48 0
50 0
52 0
