-52 0
-50 0
-48 0
-46 0
-44 0
-42 0
-40 0
-38 0
-36 0
-34 0
-32 0
-30 0.000000000266092164175851
-28 0.0000017524829932621548
-26 0.00014015021068709238
-24 0.0006916182381766183
-22 0.0020083061286381315
-20 0.004364169601883207
-18 0.007587050752980369
-16 0.01177595289690154
-14 0.016856859837259566
-12 0.022585608597312654
-10 0.029466920665332248
-8 0.03943565647516932
-6 0.05455104580947331
-4 0.07422022308622088
-2 0.09402376652828284
0 0.10946050525775977
2 0.1113172040453979
4 0.10120750404894352
6 0.08558051900139876
8 0.06728345049279076
10 0.05133094611976828
12 0.03906178155115673
14 0.029095280915498734
16 0.020490587555936406
18 0.013363906847579139
20 0.007940738861049925
22 0.004005127985562597
24 0.0016003365495375224
26 0.0004823652229138783
28 0.00006963498890399933
30 0.00000102871230670384
32 0.000000000266092164175851
34 0
36 0
38 0
40 0
42 0
44 0
46 0
48 0
50 0
52 0
