0.007763440868002847
0.2685205410206884
0.37304129314890105
0.46108849567975185
0.5347677435196653
0.6002549450852709
0.6947339572358326
0.3100690215963638
0.22931920638185008
0.19470201871342474
0.19189471230757824
0.19623058657425232
0.23761017301243434
0.48326114419779825
0.43163528086270725
0.7468805704099822
0
0
0
0
0
0
0
0
0
0
0
0
0
0
0
0
0.03505194162606825
0.29130282828657533
0.3700313410360743
0.4424297333266792
0.4931393576046807
0.5930769357807247
0.2282045913101499
0.1560751279114934
0.12680368066283232
0.11920393101423389
0.12378848235056582
0.16488270095180066
0.37251369678416174
0.5059692440044938
0.4584399493981246
0.5291605034650889
0.5969994426209203
0.5031301677297425
0.7787026406429391
0.5842198581560284
0.6515151515151515
0
0
0
0
0
0
0
0
0
0
0
0.10171320291921727
0.30227290895178804
0.37356060359336585
0.4172538510156923
0.5108958894234733
0.1393868402252198
0.07629816318609874
0.037126774387700644
0.013103958534450809
0.02741403297432363
0.09102214561788363
0.3110590949124576
0.4323835889353413
0.6026785743812175
0.4845676642824545
0.5268190390130829
0.43306501573906636
0.6949503411767562
0.4518305609915199
0.4705550177476605
0.31629979035639416
0.3026315789473684
0
0
0
0
0
0
0
0
0
0
0.1776475028139475
0.3242955239809165
0.37452309204932743
0.45365637752420124
0.08341691533142298
0.028819151428929542
-0.0022193722217591946
-0.010504227527626378
0.017388029126774906
0.10002232546599531
0.2907555314490221
0.3753515067494153
0.5392670615839987
0.6777371093029515
0.5155560514030821
0.486690144410272
0.7428456602779971
0.4534925588094095
0.4831237696069093
0.5016461571675302
0.5073825503355704
0.47858796296296297
0.32407407407407407
0
0
0
0
0
0
0
0
0
0.2718850735589657
0.34968787388819433
0.40887940883041796
0.0606195743478442
0.019575328194795336
0.001803514307354391
0.01347547876976516
0.06273389485039223
0.16181449060732325
0.32151864674509895
0.39420138801103616
0.5280807502383517
0.6465811496273508
0.7440431576339398
0.5149961360123648
0.6973816537590473
0.49087307735343993
0.49094249544040336
0.4762332320348712
0.5264997744700045
0.6789641203703703
0.5833333333333334
0
0
0
0
0
0
0
0
0
0
0.2856940832690253
0.35884436011016135
0.10768890526305118
0.09944239407123295
0.11959923982369515
0.17164271026436972
0.25427112962821524
0.3734345718251013
0.5014512356669839
0.5731718879667662
0.6887814405703988
0.7867750328578049
0.8736831410564924
0.9661275723285532
1.006975830947638
0.8938805243705422
0.9065447327378421
0.9081007160626177
0.9222450795062827
0.9676798295920039
1.0182576193214492
1.0694760820045557
1.2160087719298247
1.3020833333333333
0
0
0
0
0
0
0
0
0.38684783346507384
0.21636412734019692
0.12757150470716405
0.07097102393533618
0.03446280051580103
-0.03274563681278058
0.11900268627385542
0.25365499581556333
0.3182911144813323
0.3554599034066672
0.37509167523114345
0.3444592810669
0.2604206541618817
0.05698118753674309
-0.06733881005725666
-0.5072916666666667
0
0
0
0
0
0
0
0
0
0
0
0
0
0
0
0
0.38872708962211755
0.19730574723473635
0.12681369290883268
0.07988209548601312
0.02933543651795251
0.07092754492481132
0.2658876136790019
0.334677063653175
0.3658686794014891
0.37722325707602516
0.375755729487363
0.3629335682504628
0.1850726920412228
0.0992017352928624
0.13107849643369698
0.0573413072470447
-0.02456167491749175
-0.022646165527714503
-0.20890290921836663
-0.3465732087227414
-0.024999999999999998
0
0
0
0
0
0
0
0
0
0
0
0.3585752763258967
0.18907253366193996
0.12583219975062773
0.07990487104059064
0.06642027833949564
0.3086133623292238
0.36960109244291733
0.4010974728406753
0.4281167407192064
0.4342154890224806
0.4069275049855574
0.2042818560163064
0.11310322249708073
0.004880137273236076
0.08740305291751597
0.037364397375808274
0.0845864366298985
-0.1351133764185933
-0.019658590308370045
-0.06647776809067131
0.20183982683982685
0.7969483568075116
0
0
0
0
0
0
0
0
0
0
0.3089554443880481
0.17269521232231755
0.12220552974791565
0.09194992087278453
0.34973310971775184
0.39508454400606613
0.4270469020097869
0.44006098224525164
0.4297844930885279
0.3699807928859962
0.18308434324045783
0.13790084092991114
0.01414261422153295
-0.08883682027833867
0.033005824091712176
0.036158146743244905
-0.1646456645587282
0.00400608780890471
-0.0572985651214128
-0.11250553342186809
-0.20800889877641826
-0.2328125
-0.13095238095238096
0
0
0
0
0
0
0
0
0
0.23479014832908798
0.14215816061417294
0.12505026485767404
0.3761190373235755
0.4217526873601733
0.44044455131342414
0.43748283974165586
0.40451816081400266
0.3062450034688184
0.13133606243634238
0.09163681823804033
-0.006035101749174868
-0.11187111870489617
-0.20587926782517876
-0.04006908412832227
-0.18677658643733364
-0.06694638639769633
-0.09631628012090737
-0.14222484896243762
-0.24630962265891687
-0.42678490222828563
-0.7366666666666667
0
0
0
0
0
0
0
0
0
0
0.24774357233986544
0.1685820879413277
0.3399963433426229
0.3447121403209146
0.3261234628033219
0.28079269424082426
0.2015933814954428
0.05840037601548487
-0.10612194912840384
-0.17218817507660986
-0.2919342613777995
-0.4070991005051769
-0.506497970956166
-0.6145236551744563
-0.6667807024239186
-0.5864656238828997
-0.6198755638395135
-0.6421146985586362
-0.6972955166063377
-0.7913833772720965
-0.9150192864030858
-0.9996744791666666
-1.1614035087719299
-1.1666666666666667
0
0
0
0
0
0
0
0
